Route #1: 4 92 169 129 41 194 158 154
Route #2: 78 132 171 130 187 150 79 39
Route #3: 54 155 144 71 87 17 30 64
Route #4: 28 49 14 43 180 3 136 110 44 95 116 178 83 36
Route #5: 100 9 12 59 143 89 66 67
Route #6: 182 57 133 147 40 16 98 119 161 72
Route #7: 195 85 165 173 188 29 139 21 166
Route #8: 48 131 124 102 196 184 111 198 91 80 126
Route #9: 84 199 127 176 69 191 113 58 134 97
Route #10: 142 24 156 183 190 27 51 145 148
Route #11: 163 6 162 5 62 26 159 20 46 138 174
Route #12: 153 47 200 103 90 73 93 193 19 146
Route #13: 15 179 7 68 18 22 106 70
Route #14: 42 181 35 164 104 77 122 2 34 76
Route #15: 152 167 61 114 86 55 33 82
Route #16: 140 88 105 118 137 123 13 8 60 1 175
Route #17: 37 177 65 99 94 151 189 125 121 115 11 75
Route #18: 31 45 56 108 38 32 23 117 52 74 81 107
Route #19: 128 168 53 160 109 112 101 192 50 157
Route #20: 172 197 141 185 120
Route #21: 63 149 170 25 10 186 135 96
Cost 1548779.56