Route #1: 113 155 78 175 13 43 2 90 67 39 107
Route #2: 109 178 27 173 154 24 61 100 64 179
Route #3: 76 131 44 102 146
Route #4: 30 120 28 192 196 97 14 96 130 19 68
Route #5: 20 41 85 172 77 110 162
Route #6: 164 66 12 129 11 6 122 139
Route #7: 101 144 119 166 35 126 71 9 1 99 53
Route #8: 45 48 26 152 40 153 169 105 198
Route #9: 170 134 80 31 25 70 116 73
Route #10: 93 181 185 58 184 199 37 81 138 135 63 56
Route #11: 103 147 160 47 69 200
Route #12: 57 118 83 143 176 36 33 121 165 188 108
Route #13: 190 5 10 193 46 128 106 167 34 95 158 17
Route #14: 133 89 50 156 112 168 79 29 87 42 123
Route #15: 62 159 38 150 22 151 16 140 187 142 111 114
Route #16: 148 197 124 141 145 195 52 15 74
Route #17: 161 104 18 54 127 98 157 117 49 55 137
Route #18: 72 82 180 84 125 4 191 60
Route #19: 21 23 182 75 163 194 92 59 149
Route #20: 177 3 88 8 186 132 7 183
Route #21: 32 171 65 86 115 94 51 174 136 189 91
Cost 1595071.38