Route #1: 187 163 28 6 49 14 132 78 171 130 150 79 39
Route #2: 24 131 48 180 43 3 136 124 178 36 102
Route #3: 140 54 88 191 176 69 144 87 17 30
Route #4: 153 47 63 135 186 46 138 96 34 76 2 175
Route #5: 100 37 12 9 66 89 139 29 21 166
Route #6: 182 57 133 147 40 16 98 119 161 72
Route #7: 142 152 169 22 129 41 195
Route #8: 174 84 199 127 118 71 105 113 58 134 97
Route #9: 15 179 18 183 196 190 27 51 198 70
Route #10: 4 154 143 59 188 173 107 67 64
Route #11: 200 103 44 90 110 80 116 83 95 148 184
Route #12: 156 7 68 61 111 145 91 167 126
Route #13: 20 159 62 141 185
Route #14: 155 65 125 189 121 137 123 13 8 1 60 75
Route #15: 181 35 164 104 25 77 122 10 193 93 146
Route #16: 165 85 99 168 94 151 109 112 50 115 11
Route #17: 56 45 108 38 32 23 114 86 81 194 82
Route #18: 106 31 52 74 117 55 158 92
Route #19: 162 42 172 197 5 26 170 19 73 120 149
Route #20: 177 128 160 53 101 192 157 33
Cost 1475013.18