Route #1: 145 35 60 114 39 37 174 97
Route #2: 4 15 175 9
Route #3: 73 152 99 38 84 32 138 83 52 24
Route #4: 1 92 48 146 121 194 142 88 111
Route #5: 140 57 173 104 62 118 183 10 198
Route #6: 106 89 125 164 141 191
Route #7: 157 93 199 135 133 195 180 27 61
Route #8: 188 184 71 166 193 151 29 96 65 43
Route #9: 120 51 26 21 69 134 103 101 154
Route #10: 155 67 150 36 137 14 176 79 156 172 197
Route #11: 132 18 143 139 187 185 169 192 200 105
Route #12: 72 147 153 54 19 178 129 144 186 179 190
Route #13: 196 13 20 163 100 136 90 159 102 77 108
Route #14: 168 123 113 31 126 148
Route #15: 7 41 68 130 116 11 49 28 75
Route #16: 158 3 5 80 64 109 56 33 167 70 107
Route #17: 46 85 94 12 95 58 23 22 47 82 110
Route #18: 87 161 2 8 162 76 17 40 128 59
Route #19: 149 81 115 16 171 122 170 78 119
Route #20: 63 44 50 66 165 124 181 53 42
Route #21: 55 117 86 131 160 25 182 91
Route #22: 112 30 34 98 6 189 177 127 74 45
Cost 1623463.24