Route #1: 113 155 78 175 13 43 2 90 67 39 107
Route #2: 45 178 27 173 154 24 61 100 64 179 109
Route #3: 62 131 44 102 146 68 76 96 130 28 74
Route #4: 30 120 19 192 196 97 14 89 105 15 59
Route #5: 20 41 85 80 31 25 172 77 110 162
Route #6: 73 116 12 129 11 6 122 139
Route #7: 101 144 119 166 35 126 71 9 1 99 53
Route #8: 133 48 26 152 40 153 169 29 87 42 123
Route #9: 164 66 147 160 47 91 70
Route #10: 93 55 135 58 184 199 37 81 138
Route #11: 57 118 83 143 176 36 33 121 165 188 108
Route #12: 190 5 10 193 46 128 106 167 34 95 158
Route #13: 170 134 50 156 112 168 79 195 52 92 149
Route #14: 114 159 38 150 22 151 16 140 187 142 111 63 56
Route #15: 148 103 197 124 141 69 200
Route #16: 21 23 182 75 163 194 145 198
Route #17: 161 104 18 54 185 132 7 181 117 49
Route #18: 60 82 180 84 191 125 4 72 17
Route #19: 177 3 88 8 186 127 98 157 137 183
Route #20: 32 171 65 86 115 94 51 174 136 189
Cost 1518814.52